dataM
   0.106349   0.0582154   0.0255141   0.0339845   0.0168249 -0.00667359 -0.00259303
  0.0582154     4.09244   0.0672344     1.63221   0.0970085  -0.0799595 0.000653156
  0.0255141   0.0672344   0.0794689   0.0516352   0.0181613   0.0442044 -0.00251104
  0.0339845     1.63221   0.0516352    0.857502   0.0568208  -0.0363988 0.000709818
  0.0168249   0.0970085   0.0181613   0.0568208   0.0181602 -0.00193894 -0.00260201
-0.00667359  -0.0799595   0.0442044  -0.0363988 -0.00193894   0.0877859           0
-0.00259303 0.000653156 -0.00251104 0.000709818 -0.00260201           0      0.0027
   0.108492   0.0527551   0.0712014   0.0400884   0.0168909   0.0296902 -0.00251644
  0.0527551     4.03907   0.0613791     1.60827   0.0943535   -0.060612 0.000641413
  0.0712014   0.0613791    0.133696   0.0489997   0.0171738   0.0692044 -0.00241594
  0.0400884     1.60827   0.0489997    0.858098   0.0558654  -0.0326573 0.000698943
  0.0168909   0.0943535   0.0171738   0.0558654   0.0179445 -0.00194925 -0.00260563
  0.0296902   -0.060612   0.0692044  -0.0326573 -0.00194925   0.0877801           0
-0.00251644 0.000641413 -0.00241594 0.000698943 -0.00260563           0      0.0027
   0.155261   0.0542691    0.137906   0.0423878   0.0160671   0.0612747 -0.00240547
  0.0542691     3.97428   0.0627562     1.57776   0.0906615  -0.0434304 0.000637334
   0.137906   0.0627562    0.196609   0.0457527   0.0157827   0.0903774 -0.00230735
  0.0423878     1.57776   0.0457527    0.858844   0.0545804  -0.0292804 0.000683602
  0.0160671   0.0906615   0.0157827   0.0545804   0.0176685 -0.00195962 -0.00261024
  0.0612747  -0.0434304   0.0903774  -0.0292804 -0.00195962   0.0877784           0
-0.00240547 0.000637334 -0.00230735 0.000683602 -0.00261024           0      0.0027
   0.227109   0.0603834    0.213269   0.0420067   0.0146923   0.0881124 -0.00227671
  0.0603834     3.90499   0.0688924     1.54428   0.0865042   -0.028416 0.000639237
   0.213269   0.0688924    0.260613   0.0423268   0.0142013    0.108019 -0.00219486
  0.0420067     1.54428   0.0423268    0.859639   0.0531387  -0.0261579 0.000666135
  0.0146923   0.0865042   0.0142013   0.0531387   0.0173716 -0.00196942 -0.00261519
  0.0881124   -0.028416    0.108019  -0.0261579 -0.00196942   0.0877799           0
-0.00227671 0.000639237 -0.00219486 0.000666135 -0.00261519           0      0.0027
   0.309461   0.0693506    0.288823   0.0399071   0.0130333     0.11052 -0.00214254
  0.0693506     3.83602   0.0780498     1.51042   0.0822625  -0.0153199 0.000645933
   0.288823   0.0780498       0.321   0.0389959   0.0125791    0.122543 -0.00208514
  0.0399071     1.51042   0.0389959    0.860419   0.0516548  -0.0232392 0.000648074
  0.0130333   0.0822625   0.0125791   0.0516548   0.0170784  -0.0019783 -0.00262007
    0.11052  -0.0153199    0.122543  -0.0232392  -0.0019783   0.0877839           0
-0.00214254 0.000645933 -0.00208514 0.000648074 -0.00262007           0      0.0027
   0.392411   0.0800265    0.359356    0.036792   0.0112775     0.12895  -0.0020118
  0.0800265     3.77057   0.0891045     1.47793   0.0781535  -0.0038215  0.00065648
   0.359356   0.0891045    0.375227   0.0359094   0.0110091    0.134384 -0.00198265
   0.036792     1.47793   0.0359094    0.861154   0.0501921  -0.0204887 0.000630259
  0.0112775   0.0781535   0.0110091   0.0501921   0.0168008 -0.00198614 -0.00262468
    0.12895  -0.0038215    0.134384  -0.0204887 -0.00198614   0.0877898           0
 -0.0020118  0.00065648 -0.00198265 0.000630259 -0.00262468           0      0.0027
    0.46978   0.0917175    0.422039   0.0331498  0.00954726    0.143898 -0.00189057
  0.0917175     3.71066    0.101362     1.44792   0.0742872  0.00639312  0.00067012
   0.422039    0.101362    0.422203   0.0331367  0.00954407    0.143951 -0.00189025
  0.0331498     1.44792   0.0331367    0.861832   0.0487817  -0.0178766 0.000613105
 0.00954726   0.0742872  0.00954407   0.0487817   0.0165433 -0.00199294 -0.00262894
   0.143898  0.00639312    0.143951  -0.0178766 -0.00199294   0.0877971           0
-0.00189057  0.00067012 -0.00189025 0.000613105 -0.00262894           0      0.0027
   0.538089    0.104077    0.475634   0.0293143  0.00791778    0.155842 -0.00178279
   0.104077     3.65746    0.114448     1.42103   0.0707083   0.0156175 0.000686305
   0.475634    0.114448    0.461728   0.0307001  0.00821019    0.151606 -0.00180958
  0.0293143     1.42103   0.0307001    0.862453   0.0474366  -0.0153757 0.000596786
 0.00791778   0.0707083  0.00821019   0.0474366   0.0163069 -0.00199878 -0.00263285
   0.155842   0.0156175    0.151606  -0.0153757 -0.00199878   0.0878051           0
-0.00178279 0.000686305 -0.00180958 0.000596786 -0.00263285           0      0.0027
   0.595667    0.116973    0.519884   0.0255107  0.00643212    0.165212  -0.0016908
   0.116973     3.61156    0.128185      1.3976   0.0674223   0.0241099 0.000704627
   0.519884    0.128185    0.494098   0.0285937  0.00701724    0.157658 -0.00174145
  0.0255107      1.3976   0.0285937    0.863019   0.0461591  -0.0129613 0.000581334
 0.00643212   0.0674223  0.00701724   0.0461591   0.0160904 -0.00200375 -0.00263642
   0.165212   0.0241099    0.157658  -0.0129613 -0.00200375   0.0878135           0
 -0.0016908 0.000704627 -0.00174145 0.000581334 -0.00263642           0      0.0027
   0.641971    0.130413    0.555083   0.0218929  0.00511237     0.17238 -0.00161581
   0.130413     3.57312    0.142518      1.3777   0.0644112   0.0320937 0.000724776
   0.555083    0.142518     0.51985   0.0267964  0.00596504    0.162362 -0.00168608
  0.0218929      1.3777   0.0267964    0.863537   0.0449445  -0.0106114 0.000566694
 0.00511237   0.0644112  0.00596504   0.0449445   0.0158918 -0.00200797  -0.0026397
    0.17238   0.0320937    0.162362  -0.0106114 -0.00200797   0.0878219           0
-0.00161581 0.000724776 -0.00168608 0.000566694  -0.0026397           0      0.0027
   0.677131    0.144481      0.5818   0.0185702  0.00396771    0.177657 -0.00155817
   0.144481     3.54204    0.157467     1.36127   0.0616454   0.0397607 0.000746521
     0.5818    0.157467    0.539609   0.0252797  0.00504814    0.165927 -0.00164327
  0.0185702     1.36127   0.0252797    0.864014   0.0437854 -0.00830729 0.000552771
 0.00396771   0.0616454  0.00504814   0.0437854   0.0157087 -0.00201154 -0.00264271
   0.177657   0.0397607    0.165927 -0.00830729 -0.00201154     0.08783           0
-0.00155817 0.000746521 -0.00164327 0.000552771 -0.00264271           0      0.0027
   0.701613    0.159299    0.600692   0.0156271   0.0030002    0.181292 -0.00151768
   0.159299     3.51803    0.173084     1.34812   0.0590893   0.0472725 0.000769667
   0.600692    0.173084    0.553986   0.0240122  0.00425873    0.168521 -0.00161258
  0.0156271     1.34812   0.0240122    0.864455   0.0426726 -0.00603411 0.000539452
  0.0030002   0.0590893  0.00425873   0.0426726   0.0155387 -0.00201456 -0.00264551
   0.181292   0.0472725    0.168521 -0.00603411 -0.00201456   0.0878375           0
-0.00151768 0.000769667 -0.00161258 0.000539452 -0.00264551           0      0.0027
    0.71604    0.174997    0.612407   0.0131369  0.00220832    0.183484 -0.00149374
   0.174997     3.50071    0.189437     1.33803   0.0567048   0.0547643 0.000794029
   0.612407    0.189437    0.563534   0.0229619  0.00358848    0.170273 -0.00159339
  0.0131369     1.33803   0.0229619    0.864867   0.0415959 -0.00378173 0.000526604
 0.00220832   0.0567048  0.00358848   0.0415959   0.0153795 -0.00201712 -0.00264813
   0.183484   0.0547643    0.170273 -0.00378173 -0.00201712   0.0878444           0
-0.00149374 0.000794029 -0.00159339 0.000526604 -0.00264813           0      0.0027
     0.7211    0.191683    0.617545   0.0111717  0.00158918    0.184384 -0.00148549
   0.191683     3.48964    0.206572     1.33071   0.0544554   0.0623451 0.000819404
   0.617545    0.206572    0.568732   0.0220983  0.00302956    0.171284 -0.00158498
  0.0111717     1.33071   0.0220983    0.865256   0.0405463 -0.00154472 0.000514111
 0.00158918   0.0544554  0.00302956   0.0405463   0.0152292 -0.00201929 -0.00265059
   0.184384   0.0623451    0.171284 -0.00154472 -0.00201929   0.0878505           0
-0.00148549 0.000819404 -0.00158498 0.000514111 -0.00265059           0      0.0027
    0.71748    0.209445    0.616632  0.00980846  0.00113967    0.184111 -0.00149188
   0.209445     3.48435    0.224522     1.32583   0.0523061   0.0701052 0.000845563
   0.616632    0.224522    0.569974   0.0213928  0.00257512    0.171631 -0.00158659
 0.00980846     1.32583   0.0213928    0.865627   0.0395147 0.000678205 0.000501854
 0.00113967   0.0523061  0.00257512   0.0395147   0.0150859 -0.00202115 -0.00265295
   0.184111   0.0701052    0.171631 0.000678205 -0.00202115   0.0878557           0
-0.00149188 0.000845563 -0.00158659 0.000501854 -0.00265295           0      0.0027
   0.705871    0.228315    0.610129  0.00913307 0.000856717     0.18275 -0.00151173
   0.228315     3.48437    0.243278     1.32306   0.0502242   0.0781152 0.000872218
   0.610129    0.243278    0.567582   0.0208183  0.00221919    0.171368 -0.00159744
 0.00913307     1.32306   0.0208183    0.865982   0.0384927  0.00288523 0.000489725
0.000856717   0.0502242  0.00221919   0.0384927   0.0149482 -0.00202274  -0.0026552
    0.18275   0.0781152    0.171368  0.00288523 -0.00202274   0.0878601           0
-0.00151173 0.000872218 -0.00159744 0.000489725  -0.0026552           0      0.0027
   0.686967    0.248281    0.598446  0.00924199 0.000737276    0.180368 -0.00154377
   0.248281     3.48926    0.262795     1.32206   0.0481794   0.0864329 0.000899034
   0.598446    0.262795    0.561822   0.0203496   0.0019566    0.170538 -0.00161674
 0.00924199     1.32206   0.0203496    0.866327   0.0374726  0.00507251 0.000477619
0.000737276   0.0481794   0.0019566   0.0374726   0.0148146 -0.00202411 -0.00265739
   0.180368   0.0864329    0.170538  0.00507251 -0.00202411   0.0878635           0
-0.00154377 0.000899034 -0.00161674 0.000477619 -0.00265739           0      0.0027
   0.661488    0.269256    0.581962   0.0102433 0.000778062    0.177016 -0.00158662
   0.269256     3.49857    0.282974     1.32247   0.0461444   0.0951019 0.000925602
   0.581962    0.282974    0.552913   0.0199628  0.00178273     0.16917 -0.00164368
  0.0102433     1.32247   0.0199628    0.866663   0.0364472  0.00723529 0.000465443
0.000778062   0.0461444  0.00178273   0.0364472    0.014684 -0.00202529 -0.00265953
   0.177016   0.0951019     0.16917  0.00723529 -0.00202529   0.0878661           0
-0.00158662 0.000925602 -0.00164368 0.000465443 -0.00265953           0      0.0027
   0.630211    0.291087    0.561047   0.0122555 0.000975115    0.172735 -0.00163885
   0.291087     3.51187    0.303663     1.32391   0.0440947    0.104155 0.000951458
   0.561047    0.303663    0.541047   0.0196356  0.00169335    0.167283 -0.00167746
  0.0122555     1.32391   0.0196356    0.866993   0.0354102  0.00936852 0.000453111
0.000975115   0.0440947  0.00169335   0.0354102   0.0145556 -0.00202632 -0.00266163
   0.172735    0.104155    0.167283  0.00936852 -0.00202632   0.0878677           0
-0.00163885 0.000951458 -0.00167746 0.000453111 -0.00266163           0      0.0027
   0.593981    0.313539    0.536085   0.0154053  0.00132338    0.167564 -0.00169896
   0.313539     3.52878    0.324657       1.326   0.0420095    0.113614 0.000976079
   0.536085    0.324657      0.5264   0.0193472  0.00168442    0.164891 -0.00171728
  0.0154053       1.326   0.0193472    0.867319   0.0343561   0.0114673 0.000440554
 0.00132338   0.0420095  0.00168442   0.0343561   0.0144286 -0.00202722 -0.00266371
   0.167564    0.113614    0.164891   0.0114673 -0.00202722   0.0878686           0
-0.00169896 0.000976079 -0.00171728 0.000440554 -0.00266371           0      0.0027
   0.553741    0.336296    0.507486   0.0198247   0.0018163    0.161541 -0.00176541
   0.336296     3.54891    0.345689     1.32835   0.0398721    0.123492   0.0009989
   0.507486    0.345689    0.509146   0.0190783  0.00175198    0.162006 -0.00176234
  0.0198247     1.32835   0.0190783    0.867642   0.0332811   0.0135269 0.000427718
  0.0018163   0.0398721  0.00175198   0.0332811   0.0143026   -0.002028 -0.00266577
   0.161541    0.123492    0.162006   0.0135269   -0.002028   0.0878686           0
-0.00176541   0.0009989 -0.00176234 0.000427718 -0.00266577           0      0.0027
   0.510533    0.358963    0.475706   0.0256467  0.00244538    0.154707 -0.00183663
   0.358963     3.57193    0.366439     1.33056   0.0376703    0.133791  0.00101932
   0.475706    0.366439    0.489466   0.0188113  0.00189199    0.158634 -0.00181183
  0.0256467     1.33056   0.0188113    0.867962   0.0321825   0.0155431 0.000414568
 0.00244538   0.0376703  0.00189199   0.0321825   0.0141775 -0.00202867 -0.00266782
   0.154707    0.133791    0.158634   0.0155431 -0.00202867   0.0878679           0
-0.00183663  0.00101932 -0.00181183 0.000414568 -0.00266782           0      0.0027
   0.465502    0.381071    0.441253   0.0330008  0.00319997    0.147111 -0.00191103
   0.381071     3.59751    0.386533     1.33224   0.0353968    0.144502  0.00103673
   0.441253    0.386533    0.467561    0.018531  0.00210025    0.154781 -0.00186495
  0.0330008     1.33224    0.018531    0.868279   0.0310595   0.0175115 0.000401093
 0.00319997   0.0353968  0.00210025   0.0310595   0.0140532 -0.00202924 -0.00266984
   0.147111    0.144502    0.154781   0.0175115 -0.00202924   0.0878665           0
-0.00191103  0.00103673 -0.00186495 0.000401093 -0.00266984           0      0.0027
   0.419881    0.402087    0.404691   0.0420082  0.00406703    0.138812 -0.00198701
   0.402087     3.62532    0.405553     1.33296     0.03305    0.155607  0.00105051
   0.404691    0.405553    0.443655   0.0182247  0.00237226    0.150456 -0.00192091
  0.0420082     1.33296   0.0182247    0.868592   0.0299134   0.0194282 0.000387308
 0.00406703     0.03305  0.00237226   0.0299134   0.0139303 -0.00202971 -0.00267185
   0.138812    0.155607    0.150456   0.0194282 -0.00202971   0.0878644           0
-0.00198701  0.00105051 -0.00192091 0.000387308 -0.00267185           0      0.0027
   0.374968    0.421433    0.366641   0.0527762  0.00503121    0.129881 -0.00206305
   0.421433     3.65509    0.423044     1.33234   0.0306345     0.16708  0.00106007
   0.366641    0.423044    0.418007   0.0178829   0.0027031    0.145668  -0.0019789
  0.0527762     1.33234   0.0178829      0.8689   0.0287482   0.0212893 0.000373263
 0.00503121   0.0306345   0.0027031   0.0287482   0.0138093 -0.00203009 -0.00267382
   0.129881     0.16708    0.145668   0.0212893 -0.00203009   0.0878616           0
-0.00206305  0.00106007  -0.0019789 0.000373263 -0.00267382           0      0.0027
   0.332086    0.438499    0.327771   0.0653941  0.00607509    0.120398 -0.00213764
   0.438499      3.6865    0.438528     1.32996   0.0281613    0.178881  0.00106487
   0.327771    0.438528    0.390908      0.0175  0.00308735    0.140429 -0.00203813
  0.0653941     1.32996      0.0175    0.869199   0.0275707   0.0230911 0.000359042
 0.00607509   0.0281613  0.00308735   0.0275707   0.0136911 -0.00203038 -0.00267574
   0.120398    0.178881    0.140429   0.0230911 -0.00203038   0.0878583           0
-0.00213764  0.00106487 -0.00203813 0.000359042 -0.00267574           0      0.0027
   0.292546    0.452675    0.288781   0.0799278  0.00717971     0.11046 -0.00220941
   0.452675     3.71927    0.451512     1.32542   0.0256482    0.190962  0.00106442
   0.288781    0.451512    0.362684    0.017075  0.00351901    0.134757 -0.00209784
  0.0799278     1.32542    0.017075    0.869488   0.0263909   0.0248307 0.000344774
 0.00717971   0.0256482  0.00351901   0.0263909   0.0135769 -0.00203057  -0.0026776
    0.11046    0.190962    0.134757   0.0248307 -0.00203057   0.0878545           0
-0.00220941  0.00106442 -0.00209784 0.000344774  -0.0026776           0      0.0027
   0.257586    0.463367    0.250385   0.0964152  0.00832544     0.10017 -0.00227707
   0.463367     3.75308    0.461505     1.31837   0.0231202    0.203263   0.0010583
   0.250385    0.461505    0.333693   0.0166121   0.0039915    0.128674 -0.00215727
  0.0964152     1.31837   0.0166121    0.869763   0.0252227   0.0265066 0.000330636
 0.00832544   0.0231202   0.0039915   0.0252227   0.0134681 -0.00203066 -0.00267937
    0.10017    0.203263    0.128674   0.0265066 -0.00203066   0.0878501           0
-0.00227707   0.0010583 -0.00215727 0.000330636 -0.00267937           0      0.0027
   0.228321    0.470025    0.213287     0.11486   0.0094931   0.0896466 -0.00233951
   0.470025     3.78763    0.468032     1.30846   0.0206085    0.215712  0.00104618
   0.213287    0.468032    0.304322   0.0161215  0.00449771    0.122206 -0.00221569
    0.11486     1.30846   0.0161215    0.870019   0.0240838   0.0281189  0.00031685
  0.0094931   0.0206085  0.00449771   0.0240838   0.0133663 -0.00203066 -0.00268102
  0.0896466    0.215712    0.122206   0.0281189 -0.00203066   0.0878454           0
-0.00233951  0.00104618 -0.00221569  0.00031685 -0.00268102           0      0.0027
   0.205686    0.472167    0.178151    0.135225   0.0106653   0.0790104 -0.00239577
   0.472167     3.82258     0.47065     1.29543   0.0181496    0.228222  0.00102781
   0.178151     0.47065    0.274971   0.0156192  0.00503013    0.115388 -0.00227245
   0.135225     1.29543   0.0156192    0.870254   0.0229954    0.029671  0.00030369
  0.0106653   0.0181496  0.00503013   0.0229954   0.0132729 -0.00203056 -0.00268254
  0.0790104    0.228222    0.115388    0.029671 -0.00203056   0.0878404           0
-0.00239577  0.00102781 -0.00227245  0.00030369 -0.00268254           0      0.0027
   0.190388    0.469401    0.145571    0.157425   0.0118278   0.0683872 -0.00244511
   0.469401     3.85759     0.46896      1.2791   0.0157831    0.240694  0.00100302
   0.145571     0.46896    0.246046   0.0151265  0.00558118    0.108256 -0.00232692
   0.157425      1.2791   0.0151265    0.870462   0.0219814   0.0311704 0.000291461
  0.0118278   0.0157831  0.00558118   0.0219814   0.0131896 -0.00203036 -0.00268389
  0.0683872    0.240694    0.108256   0.0311704 -0.00203036   0.0878351           0
-0.00244511  0.00100302 -0.00232692 0.000291461 -0.00268389           0      0.0027
   0.182869    0.461444    0.116049    0.181315   0.0129708   0.0579001 -0.00248699
   0.461444     3.89229    0.462632     1.25943   0.0135491    0.253013 0.000971733
   0.116049    0.462632    0.217941   0.0146692  0.00614349    0.100854 -0.00237855
   0.181315     1.25943   0.0146692    0.870641   0.0210673   0.0326299 0.000280491
  0.0129708   0.0135491  0.00614349   0.0210673   0.0131178 -0.00203008 -0.00268505
  0.0579001    0.253013    0.100854   0.0326299 -0.00203008   0.0878297           0
-0.00248699 0.000971733 -0.00237855 0.000280491 -0.00268505           0      0.0027
   0.183279    0.448144   0.0899696    0.206683     0.01409   0.0476636 -0.00252109
   0.448144     3.92634    0.451416     1.23653   0.0114839    0.265052 0.000933935
  0.0899696    0.451416    0.191028   0.0142743  0.00671036   0.0932263 -0.00242689
   0.206683     1.23653   0.0142743    0.870788   0.0202773   0.0340684 0.000271098
    0.01409   0.0114839  0.00671036   0.0202773   0.0130587  -0.0020297 -0.00268601
  0.0476636    0.265052   0.0932263   0.0340684  -0.0020297   0.0878242           0
-0.00252109 0.000933935 -0.00242689 0.000271098 -0.00268601           0      0.0027
   0.191472    0.429488   0.0675882     0.23324   0.0151858   0.0377781 -0.00254732
   0.429488     3.95934    0.435168     1.21071  0.00961611    0.276676 0.000889703
  0.0675882    0.435168    0.165638   0.0139677  0.00727617   0.0854181 -0.00247154
    0.23324     1.21071   0.0139677      0.8709   0.0196324    0.035512 0.000263556
  0.0151858  0.00961611  0.00727617   0.0196324   0.0130129 -0.00202924 -0.00268675
  0.0377781    0.276676   0.0854181    0.035512 -0.00202924   0.0878188           0
-0.00254732 0.000889703 -0.00247154 0.000263556 -0.00268675           0      0.0027
   0.207013    0.405608   0.0490272    0.260615   0.0162624   0.0283238  -0.0025658
   0.405608     3.99093    0.413854     1.18252  0.00796004    0.287747 0.000839164
  0.0490272    0.413854    0.142055   0.0137674  0.00783674   0.0774742 -0.00251224
   0.260615     1.18252   0.0137674    0.870978   0.0191435   0.0369943  0.00025802
  0.0162624  0.00796004  0.00783674   0.0191435   0.0129807  -0.0020287 -0.00268727
  0.0283238    0.287747   0.0774742   0.0369943  -0.0020287   0.0878136           0
 -0.0025658 0.000839164 -0.00251224  0.00025802 -0.00268727           0      0.0027
   0.229223    0.376802   0.0342892    0.288373   0.0173275   0.0193582 -0.00257682
   0.376802     4.02071     0.38759     1.15267  0.00652217    0.298136 0.000782599
  0.0342892     0.38759    0.120513   0.0136874   0.0083894   0.0694381 -0.00254875
   0.288373     1.15267   0.0136874    0.871021   0.0188175   0.0385526 0.000254593
  0.0173275  0.00652217   0.0083894   0.0188175   0.0129619 -0.00202807 -0.00268758
  0.0193582    0.298136   0.0694381   0.0385526 -0.00202807   0.0878087           0
-0.00257682 0.000782599 -0.00254875 0.000254593 -0.00268758           0      0.0027
   0.257201    0.343494   0.0232715    0.315999   0.0183847   0.0109124 -0.00258089
   0.343494     4.04831    0.356611     1.12206  0.00528551     0.30773 0.000720301
  0.0232715    0.356611    0.101185   0.0137207  0.00893305   0.0613483 -0.00258097
   0.315999     1.12206   0.0137207    0.871032   0.0186399   0.0402296 0.000253109
  0.0183847  0.00528551  0.00893305   0.0186399   0.0129551 -0.00202737 -0.00268769
  0.0109124     0.30773   0.0613483   0.0402296 -0.00202737   0.0878041           0
-0.00258089 0.000720301 -0.00258097 0.000253109 -0.00268769           0      0.0027
   0.289891    0.306233   0.0157962    0.342945    0.019432  0.00299505 -0.00257864
   0.306233     4.07337     0.32129     1.09165  0.00422025    0.316446 0.000652684
  0.0157962     0.32129   0.0841981   0.0138448  0.00946763   0.0532404 -0.00260883
   0.342945     1.09165   0.0138448    0.871016   0.0185815   0.0420663 0.000253216
   0.019432  0.00422025  0.00946763   0.0185815   0.0129583  -0.0020266 -0.00268764
 0.00299505    0.316446   0.0532404   0.0420663  -0.0020266   0.0877999           0
-0.00257864 0.000652684 -0.00260883 0.000253216 -0.00268764           0      0.0027
    0.32614    0.265662   0.0116382     0.36865   0.0204575  -0.0044028 -0.00257085
   0.265662     4.09557    0.282121     1.06239  0.00328485    0.324236 0.000580256
  0.0116382    0.282121     0.06963   0.0140191  0.00999357   0.0451469 -0.00263234
    0.36865     1.06239   0.0140191    0.870982   0.0185968    0.044098 0.000254353
  0.0204575  0.00328485  0.00999357   0.0185968   0.0129683 -0.00202577 -0.00268748
 -0.0044028    0.324236   0.0451469    0.044098 -0.00202577   0.0877961           0
-0.00257085 0.000580256 -0.00263234 0.000254353 -0.00268748           0      0.0027
   0.364748    0.222485   0.0105488    0.392581   0.0214369  -0.0112998 -0.00255839
   0.222485     4.11462    0.239692     1.03502  0.00243172     0.33109 0.000503628
  0.0105488    0.239692   0.0575218   0.0141876   0.0105109   0.0370988 -0.00265155
   0.392581     1.03502   0.0141876    0.870938   0.0186267    0.046348 0.000255779
  0.0214369  0.00243172   0.0105109   0.0186267   0.0129806 -0.00202492 -0.00268728
 -0.0112998     0.33109   0.0370988    0.046348 -0.00202492   0.0877927           0
-0.00255839 0.000503628 -0.00265155 0.000255779 -0.00268728           0      0.0027
   0.404519     0.17743   0.0122702    0.414277   0.0223352  -0.0177163 -0.00254221
    0.17743     4.13028     0.19466     1.01007  0.00161432    0.337036 0.000423502
  0.0122702     0.19466     0.04788    0.014286   0.0110184   0.0291273 -0.00266658
   0.414277     1.01007    0.014286    0.870898   0.0186056   0.0488233 0.000256661
  0.0223352  0.00161432   0.0110184   0.0186056   0.0129902 -0.00202407 -0.00268712
 -0.0177163    0.337036   0.0291273   0.0488233 -0.00202407   0.0877897           0
-0.00254221 0.000423502 -0.00266658 0.000256661 -0.00268712           0      0.0027
   0.444293    0.131206   0.0165386    0.433364   0.0231102  -0.0236681 -0.00252326
   0.131206      4.1424    0.147713    0.987734 0.000793908     0.34213 0.000340667
  0.0165386    0.147713   0.0406794   0.0142508   0.0115134   0.0212657 -0.00267757
   0.433364    0.987734   0.0142508    0.870874   0.0184695   0.0515116 0.000256183
  0.0231102 0.000793908   0.0115134   0.0184695   0.0129921 -0.00202327 -0.00268709
 -0.0236681     0.34213   0.0212657   0.0515116 -0.00202327   0.0877871           0
-0.00252326 0.000340667 -0.00267757 0.000256183 -0.00268709           0      0.0027
    0.482981    0.0844791      0.02308     0.449592    0.0237194   -0.0291645  -0.00250251
   0.0844791       4.1509    0.0995398     0.967911 -5.50759e-05     0.346444  0.000255968
     0.02308    0.0995398    0.0358615    0.0140299    0.0119911    0.0135491  -0.00268473
    0.449592     0.967911    0.0140299     0.870876    0.0181659    0.0543809  0.000253658
   0.0237194 -5.50759e-05    0.0119911    0.0181659    0.0129817  -0.00202257  -0.00268726
  -0.0291645     0.346444    0.0135491    0.0543809  -0.00202257    0.0877848            0
 -0.00250251  0.000255968  -0.00268473  0.000253658  -0.00268726            0       0.0027
    0.519581     0.037836    0.0316033     0.462822     0.024127   -0.0342096  -0.00248085
    0.037836      4.15581    0.0507945     0.950246 -0.000942762      0.35006  0.000170277
   0.0316033    0.0507945    0.0333326    0.0135894    0.0124456   0.00601421   -0.0026883
    0.462822     0.950246    0.0135894     0.870911    0.0176601    0.0573821  0.000248624
    0.024127 -0.000942762    0.0124456    0.0176601    0.0129565    -0.002022  -0.00268767
  -0.0342096      0.35006   0.00601421    0.0573821    -0.002022    0.0877828            0
 -0.00248085  0.000170277   -0.0026883  0.000248624  -0.00268767            0       0.0027
   0.553199 -0.00823094   0.0417968    0.473021   0.0243102  -0.0388066 -0.00245909
-0.00823094     4.15722  0.00207151    0.934215 -0.00186383    0.353057 8.44551e-05
  0.0417968  0.00207151   0.0329627   0.0129189     0.01287 -0.00130315 -0.00268856
   0.473021    0.934215   0.0129189    0.870981   0.0169392   0.0604526 0.000240889
  0.0243102 -0.00186383     0.01287   0.0169392   0.0129155 -0.00202158 -0.00268833
 -0.0388066    0.353057 -0.00130315   0.0604526 -0.00202158   0.0877811           0
-0.00245909 8.44551e-05 -0.00268856 0.000240889 -0.00268833           0      0.0027
    0.583049   -0.0533278    0.0533254     0.480241    0.0242615   -0.0429594  -0.00243796
  -0.0533278       4.1553   -0.0461067     0.919192  -0.00280139     0.355507 -6.84985e-07
   0.0533254   -0.0461067    0.0345875    0.0120304    0.0132575  -0.00836842  -0.00268582
    0.480241     0.919192    0.0120304     0.871083    0.0160115    0.0635223  0.000230528
   0.0242615  -0.00280139    0.0132575    0.0160115    0.0128604   -0.0020213  -0.00268922
  -0.0429594     0.355507  -0.00836842    0.0635223   -0.0020213    0.0877798            0
 -0.00243796 -6.84985e-07  -0.00268582  0.000230528  -0.00268922            0       0.0027
   0.608492  -0.0972086   0.0658536     0.48459   0.0239917  -0.0466876   -0.002418
 -0.0972086     4.15028  -0.0933519    0.904557 -0.00372912    0.357473 -8.4483e-05
  0.0658536  -0.0933519   0.0380171    0.010956   0.0136024  -0.0151586 -0.00268042
    0.48459    0.904557    0.010956    0.871209   0.0149047   0.0665188 0.000217862
  0.0239917 -0.00372912   0.0136024   0.0149047   0.0127942 -0.00202117 -0.00269029
 -0.0466876    0.357473  -0.0151586   0.0665188 -0.00202117   0.0877789           0
  -0.002418 -8.4483e-05 -0.00268042 0.000217862 -0.00269029           0      0.0027
    0.629001     -0.13967    0.0790324     0.486204    0.0235291   -0.0500125  -0.00239966
    -0.13967      4.14246    -0.139308     0.889748   -0.0046158     0.359005 -0.000166281
   0.0790324    -0.139308    0.0430392    0.0097465    0.0139009   -0.0216483  -0.00267269
    0.486204     0.889748    0.0097465     0.871348    0.0136645    0.0693739  0.000203441
   0.0235291   -0.0046158    0.0139009    0.0136645    0.0127217  -0.00202115  -0.00269146
  -0.0500125     0.359005   -0.0216483    0.0693739  -0.00202115    0.0877784            0
 -0.00239966 -0.000166281  -0.00267269  0.000203441  -0.00269146            0       0.0027
    0.644201    -0.180645    0.0925398     0.485214    0.0229126   -0.0529747  -0.00238323
   -0.180645      4.13212    -0.183758     0.874313  -0.00543256     0.360146 -0.000245642
   0.0925398    -0.183758    0.0494359   0.00845685    0.0141515   -0.0278276  -0.00266295
    0.485214     0.874313   0.00845685     0.871491    0.0123415    0.0720282  0.000187885
   0.0229126  -0.00543256    0.0141515    0.0123415    0.0126475  -0.00202121  -0.00269265
  -0.0529747     0.360146   -0.0278276    0.0720282  -0.00202121    0.0877785            0
 -0.00238323 -0.000245642  -0.00266295  0.000187885  -0.00269265            0       0.0027
    0.653862    -0.220121     0.106082     0.481734    0.0221902    -0.055624  -0.00236888
   -0.220121      4.11958    -0.226549     0.857927  -0.00615435      0.36093 -0.000322225
    0.106082    -0.226549    0.0569899   0.00714654    0.0143557   -0.0336923  -0.00265151
    0.481734     0.857927   0.00714654     0.871627    0.0109921    0.0744346  0.000171884
   0.0221902  -0.00615435    0.0143557    0.0109921    0.0125761  -0.00202133   -0.0026938
   -0.055624      0.36093   -0.0336923    0.0744346  -0.00202133    0.0877793            0
 -0.00236888 -0.000322225  -0.00265151  0.000171884   -0.0026938            0       0.0027
    0.657883    -0.258128     0.119406      0.47584    0.0214123   -0.0580209  -0.00235667
   -0.258128      4.10514    -0.267582     0.840428  -0.00676323     0.361384 -0.000395797
    0.119406    -0.267582     0.065493   0.00587107    0.0145174   -0.0392449  -0.00263864
     0.47584     0.840428   0.00587107     0.871751    0.0096699    0.0765579  0.000156105
   0.0214123  -0.00676323    0.0145174    0.0096699    0.0125108  -0.00202149  -0.00269485
  -0.0580209     0.361384   -0.0392449    0.0765579  -0.00202149    0.0877809            0
 -0.00235667 -0.000395797  -0.00263864  0.000156105  -0.00269485            0       0.0027
    0.656325    -0.294726      0.13231      0.46758    0.0206291   -0.0602334  -0.00234657
   -0.294726      4.08911    -0.306808     0.821791  -0.00724923     0.361534 -0.000466228
     0.13231    -0.306808    0.0747533   0.00468078    0.0146428   -0.0444945  -0.00262456
     0.46758     0.821791   0.00468078     0.871858   0.00842516    0.0783755  0.000141172
   0.0206291  -0.00724923    0.0146428   0.00842516     0.012454  -0.00202164  -0.00269576
  -0.0602334     0.361534   -0.0444945    0.0783755  -0.00202164    0.0877834            0
 -0.00234657 -0.000466228  -0.00262456  0.000141172  -0.00269576            0       0.0027
    0.649365    -0.329975     0.144638     0.456965    0.0198854   -0.0623303  -0.00233845
   -0.329975      4.07175    -0.344194     0.802114  -0.00761101     0.361404 -0.000533442
    0.144638    -0.344194    0.0845955    0.0036173    0.0147398   -0.0494533  -0.00260949
    0.456965     0.802114    0.0036173     0.871945     0.007301    0.0798756  0.000127625
   0.0198854  -0.00761101    0.0147398     0.007301    0.0124069  -0.00202179  -0.00269651
  -0.0623303     0.361404   -0.0494533    0.0798756  -0.00202179    0.0877868            0
 -0.00233845 -0.000533442  -0.00260949  0.000127625  -0.00269651            0       0.0027
   0.637321    -0.36393    0.156284    0.443988   0.0192185  -0.0643798 -0.00233215
   -0.36393     4.05333   -0.379727    0.781602 -0.00785457    0.361019 -0.00059742
   0.156284   -0.379727   0.0948644  0.00271313   0.0148174  -0.0541366 -0.00259358
   0.443988    0.781602  0.00271313    0.872015  0.00633269   0.0810551 0.000115906
  0.0192185 -0.00785457   0.0148174  0.00633269   0.0123695 -0.00202189 -0.00269711
 -0.0643798    0.361019  -0.0541366   0.0810551 -0.00202189   0.0877914           0
-0.00233215 -0.00059742 -0.00259358 0.000115906 -0.00269711           0      0.0027
    0.620597    -0.396613     0.167174     0.428623    0.0186576   -0.0664422  -0.00232747
   -0.396613      4.03411    -0.413383     0.760542  -0.00799145     0.360405 -0.000658139
    0.167174    -0.413383     0.105418   0.00199379    0.0148853   -0.0585582  -0.00257699
    0.428623     0.760542   0.00199379     0.872067   0.00554964    0.0819172  0.000106388
   0.0186576  -0.00799145    0.0148853   0.00554964    0.0123415  -0.00202193  -0.00269756
  -0.0664422     0.360405   -0.0585582    0.0819172  -0.00202193     0.087797            0
 -0.00232747 -0.000658139  -0.00257699  0.000106388  -0.00269756            0       0.0027
    0.599716    -0.428025      0.17727     0.410844     0.018221   -0.0685693  -0.00232417
   -0.428025      4.01434     -0.44514     0.739285  -0.00803713     0.359592 -0.000715593
     0.17727     -0.44514      0.11613   0.00147575    0.0149528   -0.0627327  -0.00255985
    0.410844     0.739285   0.00147575     0.872104   0.00497292    0.0824706    9.934e-05
    0.018221  -0.00803713    0.0149528   0.00497292    0.0123222  -0.00202188  -0.00269787
  -0.0685693     0.359592   -0.0627327    0.0824706  -0.00202188    0.0878037            0
 -0.00232417 -0.000715593  -0.00255985    9.934e-05  -0.00269787            0       0.0027
      0.5753    -0.458139     0.186556     0.390647    0.0179182   -0.0708001  -0.00232203
   -0.458139      3.99423    -0.474974     0.718225   -0.0080084     0.358609 -0.000769765
    0.186556    -0.474974     0.126888   0.00117023    0.0150289   -0.0666732  -0.00254226
    0.390647     0.718225   0.00117023     0.872128   0.00461888    0.0827273   9.4973e-05
   0.0179182   -0.0080084    0.0150289   0.00461888    0.0123108   -0.0020217  -0.00269805
  -0.0708001     0.358609   -0.0666732    0.0827273   -0.0020217    0.0878115            0
 -0.00232203 -0.000769765  -0.00254226   9.4973e-05  -0.00269805            0       0.0027
   0.548019   -0.486889    0.195024    0.368032   0.0177486  -0.0731569 -0.00232082
  -0.486889     3.97404   -0.502845    0.697776 -0.00792171    0.357489  -0.0008206
   0.195024   -0.502845    0.137585  0.00108287   0.0151217  -0.0703893 -0.00252435
   0.368032    0.697776  0.00108287     0.87214  0.00449845   0.0827009 9.34314e-05
  0.0177486 -0.00792171   0.0151217  0.00449845   0.0123068 -0.00202135 -0.00269811
 -0.0731569    0.357489  -0.0703893   0.0827009 -0.00202135   0.0878204           0
-0.00232082  -0.0008206 -0.00252435 9.34314e-05 -0.00269811           0      0.0027
    0.518597    -0.514182     0.202662     0.343032    0.0177032   -0.0756445  -0.00232038
   -0.514182      3.95398    -0.528708     0.678356  -0.00779103     0.356264 -0.000868014
    0.202662    -0.528708     0.148121   0.00121567    0.0152382   -0.0738884  -0.00250622
    0.343032     0.678356   0.00121567     0.872139   0.00461899     0.082406   9.4815e-05
   0.0177032  -0.00779103    0.0152382   0.00461899    0.0123102   -0.0020208  -0.00269806
  -0.0756445     0.356264   -0.0738884     0.082406   -0.0020208    0.0878302            0
 -0.00232038 -0.000868014  -0.00250622   9.4815e-05  -0.00269806            0       0.0027
   0.487784   -0.539895    0.209447    0.315705   0.0177642  -0.0782476 -0.00232056
  -0.539895      3.9343   -0.552505    0.660371 -0.00762667    0.354965 -0.00091187
   0.209447   -0.552505    0.158394  0.00156629   0.0153839  -0.0771734 -0.00248802
   0.315705    0.660371  0.00156629    0.872125  0.00498322    0.081857 9.91656e-05
  0.0177642 -0.00762667   0.0153839  0.00498322   0.0123213    -0.00202 -0.00269788
 -0.0782476    0.354965  -0.0771734    0.081857    -0.00202    0.087841           0
-0.00232056 -0.00091187 -0.00248802 9.91656e-05 -0.00269788           0      0.0027
    0.456343     -0.56389     0.215342     0.286141    0.0179075   -0.0809325  -0.00232129
    -0.56389      3.91525    -0.574181     0.644203  -0.00743355     0.353619 -0.000951999
    0.215342    -0.574181     0.168309   0.00213114    0.0155631   -0.0802452  -0.00246988
    0.286141     0.644203   0.00213114     0.872093   0.00559222    0.0810682  0.000106505
   0.0179075  -0.00743355    0.0155631   0.00559222    0.0123412  -0.00201891  -0.00269756
  -0.0809325     0.353619   -0.0802452    0.0810682  -0.00201891    0.0878526            0
 -0.00232129 -0.000951999  -0.00246988  0.000106505  -0.00269756            0       0.0027
    0.425034    -0.586018      0.22029     0.254466    0.0181031   -0.0836479  -0.00232255
   -0.586018      3.89704    -0.593684       0.6302  -0.00721053     0.352252 -0.000988201
     0.22029    -0.593684     0.177773   0.00290481    0.0157786   -0.0831031  -0.00245193
    0.254466       0.6302   0.00290481      0.87204   0.00644468    0.0800529  0.000116824
   0.0181031  -0.00721053    0.0157786   0.00644468    0.0123714  -0.00201749  -0.00269708
  -0.0836479     0.352252   -0.0831031    0.0800529  -0.00201749    0.0878649            0
 -0.00232255 -0.000988201  -0.00245193  0.000116824  -0.00269708            0       0.0027
    0.39455   -0.606093    0.224189    0.220823    0.018315  -0.0863195 -0.00232443
  -0.606093     3.87994    -0.61093    0.618666 -0.00695048    0.350882 -0.00102017
   0.224189    -0.61093    0.186676   0.0038793   0.0160315  -0.0857384 -0.00243437
   0.220823    0.618666   0.0038793     0.87196  0.00753568   0.0788229 0.000130069
   0.018315 -0.00695048   0.0160315  0.00753568    0.012414  -0.0020157 -0.00269639
 -0.0863195    0.350882  -0.0857384   0.0788229  -0.0020157   0.0878777           0
-0.00232443 -0.00102017 -0.00243437 0.000130069 -0.00269639           0      0.0027
   0.365571   -0.623953     0.22693    0.185394   0.0185041  -0.0888621 -0.00232705
  -0.623953     3.86418   -0.625862    0.609865 -0.00663921     0.34952 -0.00104763
    0.22693   -0.625862    0.194927  0.00504612   0.0163213  -0.0881453 -0.00241737
   0.185394    0.609865  0.00504612    0.871846  0.00885879   0.0773891 0.000146168
  0.0185041 -0.00663921   0.0163213  0.00885879   0.0124715 -0.00201351 -0.00269547
 -0.0888621     0.34952  -0.0881453   0.0773891 -0.00201351   0.0878909           0
-0.00232705 -0.00104763 -0.00241737 0.000146168 -0.00269547           0      0.0027
   0.338704    -0.63942    0.228376    0.148381    0.018629  -0.0911754  -0.0023306
   -0.63942     3.85001   -0.638411    0.604019 -0.00625611     0.34817 -0.00107023
   0.228376   -0.638411    0.202428  0.00639679   0.0166464   -0.090314 -0.00240112
   0.148381    0.604019  0.00639679    0.871689   0.0104064   0.0757617 0.000165033
   0.018629 -0.00625611   0.0166464   0.0104064   0.0125468 -0.00201089 -0.00269426
 -0.0911754     0.34817   -0.090314   0.0757617 -0.00201089   0.0879045           0
 -0.0023306 -0.00107023 -0.00240112 0.000165033 -0.00269426           0      0.0027
   0.314481   -0.652323    0.228369    0.110009   0.0186465  -0.0931481 -0.00233536
  -0.652323     3.83766   -0.648505    0.601305 -0.00577469    0.346826 -0.00108759
   0.228369   -0.648505    0.209084  0.00792107   0.0170034   -0.092233 -0.00238584
   0.110009    0.601305  0.00792107    0.871483   0.0121675   0.0739495 0.000186537
  0.0186465 -0.00577469   0.0170034   0.0121675   0.0126429 -0.00200782 -0.00269271
 -0.0931481    0.346826   -0.092233   0.0739495 -0.00200782   0.0879182           0
-0.00233536 -0.00108759 -0.00238584 0.000186537 -0.00269271           0      0.0027
   0.293354   -0.662491    0.226742   0.0705215   0.0185135  -0.0946615 -0.00234163
  -0.662491     3.82734   -0.656068    0.601867 -0.00516305    0.345473 -0.00109929
   0.226742   -0.656068    0.214803  0.00960872   0.0173877  -0.0938898 -0.00237173
  0.0705215    0.601867  0.00960872    0.871217   0.0141295   0.0719611  0.00021053
  0.0185135 -0.00516305   0.0173877   0.0141295   0.0127628 -0.00200429 -0.00269078
